% Nguyễn Gia Quang 24020619
G = [0.35 -0.2 -0.05; -0.2 0.3 -0.1; -0.05 0.1 0.35]
I = [0; 10; 0]

V = G\I

Ix = (V(1) - V(3)) / 20