% Nguyễn Gia Quang 24020619

R = [30 -10 -20; -10 22 -12; -20 -12 46]
V = [70; -42; 0]

I = R\V